-5.500000
-47.500000
81.500000
1.000000
1.000000
1.000000

-1.800000
2.600000
-1.300000
1.000000
1.000000
1.000000
0.000000
0.000000
0.000000
0.800000
0.000000
0.800000
0.500000
0.500000
0.000000
0.800000
0.580000
0.150000
0.360000

-1.800000
0.700000
2.100000
0.000000
0.000000
0.000000
0.000000
0.800000
0.000000
0.000000
0.000000
0.800000
0.000000
0.000000
1.000000
0.800000
0.480000
0.510000
1.000000

-1.600000
0.560000
-1.240000
0.000000
0.000000
0.000000
0.000000
0.000000
0.800000
0.000000
1.100000
0.000000
0.800000
0.000000
0.800000
0.450000
0.850000
0.330000
0.800000

1.800000
0.700000
1.850000
0.000000
0.000000
0.000000
0.000000
0.800000
0.800000
0.000000
0.000000
0.800000
0.800000
0.000000
0.000000
0.800000
0.440000
0.270000
1.000000

-0.400000
2.600000
0.060000
0.000000
0.000000
0.000000
0.000000
0.800000
0.800000
0.800000
2.030000
0.800000
0.800000
0.800000
0.800000
0.300000
0.000000
0.380000
0.800000

